10 11
100.0 0.3804253621235283 -3.266339124167894 -5.95050639836495 -4.237341087943243 0.5637681540338768 3.099243409569876 0.7408169585984421 2.8092109674036543 -3.4595913824542945 -8.394962197480444 
4.592112532749805 101.0 6.430428108061374 -8.639725280513229 -3.027196137521287 -5.419848646490461 4.294813297862344 -4.810357112907708 6.494242412800578 -6.746853290504184 -2.3125518169051196 
-4.986222760589891 -6.962548528618631 102.0 -2.4087404122985294 -2.772414665510123 2.5532021843284944 1.5107395113733233 0.08192928217832218 -1.9269616095222517 -5.856852634753331 -8.154429227078952 
2.745144309860997 3.7016447896035327 -8.444045878280415 103.0 7.594842526073528 1.508018684745732 -4.81643938514474 -9.877330591914774 -1.3497304984848668 1.7328298609586597 -6.930128600670857 
6.668925652184974 9.477872048556616 -2.302373204641124 1.94109204874181 104.0 -2.1053945661818174 -8.525221022447464 2.2469974573900515 -2.314374177320106 1.238437612426873 -5.135169989720123 
3.2868507559818916 -5.371642231723794 1.4782652795254752 -8.898301008104394 -2.5598603497655104 105.0 9.51949660277051 8.821016849218385 9.722495940262867 -2.5370159969891803 -6.148896868298824 
-2.675221835872506 4.86489572039128 -0.9471462897798322 -6.522439289499891 -3.07972215782266 3.9825758701204084 106.0 -0.5519525834581387 -3.568042835584569 3.868690782196623 -9.008878867644361 
-7.447854786461827 2.3967241360774842 -6.303104915238427 3.0865163350420133 -8.090868067809565 -4.605877677565853 -0.052739555672713934 107.0 -9.777858797519956 0.24411546840390486 7.328458380970645 
-0.6756175258705817 -5.4497954508040465 -3.7228140793121245 -8.57136117067961 5.312394303751125 -8.390032621439481 -0.47831910284870105 9.935702958927621 108.0 1.0691103608205133 6.936524090217361 
-6.276311166577468 8.895131200403302 -2.2353586655730817 8.502983079225743 5.984880608456857 6.872246649860948 -4.682587568015315 7.945686444482305 6.405678656879175 -109.0 7.510003773742913 

