
3 8 15 7 33 
2 5 8 5 20 
1 2 3 1 7 
1 5 7 13 26 
3 8 15 7 33 
0 2,33333333333333 2 10,6666666666667 15 
0 -0,666666666666667 -2 -1,33333333333333 -4 
0 -0,333333333333333 -2 0,333333333333334 -2 
3 8 15 7 33 
0 2,33333333333333 2 10,6666666666667 15 
0 0 -1,71428571428571 1,85714285714286 0,142857142857141 
0 0 -1,42857142857143 1,71428571428571 0,285714285714285 
3 8 15 7 33 
2 5 8 5 20 
1 2 3 1 7 
1 5 7 13 26 
3 8 15 7 33 
0 -0,333333333333333 -2 0,333333333333334 -2 
0 -0,666666666666667 -2 -1,33333333333333 -4 
0 2,33333333333333 2 10,6666666666667 15 
3 8 15 7 33 
0 2,33333333333333 2 10,6666666666667 15 
0 -0,666666666666667 -2 -1,33333333333333 -4 
0 -0,333333333333333 -2 0,333333333333334 -2 
3 8 15 7 33 
0 2,33333333333333 2 10,6666666666667 15 
0 0 -1,42857142857143 1,71428571428571 0,285714285714285 
0 0 -1,71428571428571 1,85714285714286 0,142857142857141 
3 8 15 7 33 
0 2,33333333333333 2 10,6666666666667 15 
0 0 -1,71428571428571 1,85714285714286 0,142857142857141 
0 0 -1,42857142857143 1,71428571428571 0,285714285714285 
3 8 15 7 33 
0 2,33333333333333 2 10,6666666666667 15 
0 0 -1,71428571428571 1,85714285714286 0,142857142857141 
0 0 0 0,166666666666667 0,166666666666668 
